(43.652187, -79.375679)
(43.692813, -79.531907)
(43.687114, -79.307212)
(43.651957, -79.449335)
(43.803717, -79.419232)
(43.668518, -79.386734)
(43.666769, -79.404122)
(43.720439, -79.513728)
(43.665283, -79.482385)
(43.706579, -79.39785)
(43.657245, -79.381519)
(43.585464, -79.741491)
(43.732625, -79.432491)
(43.597333, -79.523188)
(43.6299, -79.518013)
(43.613282, -79.489986)
(43.661241, -79.382813)
(43.688726, -79.391974)
(43.657009, -79.399971)
(43.707697, -79.394953)
(43.659966, -79.434746)
(43.646973, -79.406532)
(43.715211, -79.400008)
(43.640766, -79.434235)
(43.655289, -79.399872)
(43.644688, -79.390709)
(43.802619, -79.420186)
(43.651557, -79.409164)
(43.723395, -79.416342)
(43.665901, -79.380455)
(43.59623, -79.525072)
(43.689201, -79.296265)
(43.645754, -79.410465)
(43.706311, -79.647609)
(43.667445, -79.385551)
(43.653884, -79.398839)
(43.609193, -79.696979)
(43.655844, -79.455761)
(43.698428, -79.512168)
(43.641685, -79.430149)
(43.661182, -79.378944)
(43.678339, -79.348639)
(43.641476, -79.375259)
(43.580548, -79.757717)
(43.648431, -79.52926)
(43.651156, -79.477388)
(43.64103, -79.435278)
(43.713199, -79.399537)
(43.64085, -79.435965)
(43.587688, -79.644884)
(43.598139, -79.544057)
(43.760132, -79.412154)
(43.648713, -79.397123)
(43.667094, -79.400478)
(43.660381, -79.382492)
(43.611794, -79.557075)
(43.689478, -79.395041)
(43.656726, -79.40719)
(43.777072, -79.414628)
(43.658162, -79.350127)
(43.643639, -79.391083)
(43.654156, -79.42337)
(43.654622, -79.380917)
(43.731333, -79.403662)
(43.6459, -79.393869)
(43.777865, -79.343801)
(43.638664, -79.41716)
(43.641109, -79.378662)
(43.769945, -79.501945)
(43.646336, -79.389854)
(43.669863, -79.382782)
(43.513063, -79.649533)
(43.66109, -79.378913)
(43.580502, -79.735278)
(43.664345, -79.414391)
(43.667729, -79.38846)
(43.650343, -79.38834)
(43.65988, -79.434784)
(43.706946, -79.395544)
(43.652937, -79.366088)
(43.660162, -79.385944)
(43.62436, -79.512593)
(43.689774, -79.349327)
(43.654961, -79.402039)
(43.678797, -79.34689)
(43.649009, -79.48464)
(43.665421, -79.461533)
(43.653282, -79.428751)
(43.650153, -79.433906)
(43.582379, -79.621697)
(43.669999, -79.47818)
(43.64481, -79.393578)
(43.647494, -79.400963)
(43.64749, -79.400959)
(43.613503, -79.577909)
(43.59681, -79.662442)
(43.661409, -79.339039)
(43.645424, -79.379969)
(43.657894, -79.382744)
(43.642952, -79.406733)
(43.717728, -79.429779)
(43.709206, -79.398628)
(43.648827, -79.396973)
(43.659317, -79.382065)
(43.770184, -79.500619)
(43.645798, -79.41023)
(43.663156, -79.421962)
(43.67898, -79.343963)
(43.640031, -79.624921)
(43.667625, -79.488714)
(43.660011, -79.382301)
(43.657987, -79.437195)
(43.764267, -79.412033)
(43.593313, -79.56927)
(43.716762, -79.447189)
(43.644886, -79.397202)
(43.664387, -79.415161)
(43.654176, -79.407167)
(43.648773, -79.396103)
(43.657822, -79.381516)
(43.592706, -79.642528)
(43.780008, -79.415291)
(43.649637, -79.378309)
(43.762514, -79.410532)
(43.769606, -79.50195)
(43.650007, -79.375371)
(43.769155, -79.385778)
(43.612124, -79.543983)
(43.802985, -79.419729)
(43.727122, -79.482563)
(43.654632, -79.402004)
(43.644846, -79.393803)
(43.647505, -79.400962)
(43.672741, -79.389046)
(43.655822, -79.393734)
(43.665835, -79.409127)
(43.649665, -79.37625)
(43.644387, -79.399595)
(43.65134, -79.397042)
(43.665449, -79.40792)
(43.704376, -79.375023)
(43.64958, -79.376319)
(43.670617, -79.296885)
(43.648542, -79.372084)
(43.662627, -79.423722)
(43.662115, -79.40623)
(43.655277, -79.416916)
(43.653107, -79.396622)
(43.592692, -79.642019)
(43.648076, -79.379444)
(43.666886, -79.330277)
(43.646135, -79.419815)
(43.703273, -79.413914)
(43.656109, -79.393738)
(43.650086, -79.36035)
(43.650047, -79.367973)
(43.65118, -79.371925)
(43.665262, -79.409453)
(43.669118, -79.412892)
(43.59993, -79.507935)
(43.773174, -79.414187)
(43.677769, -79.444586)
(43.582898, -79.716085)
(43.618064, -79.543832)
(43.659411, -79.381879)
(43.778751, -79.363823)
(43.657259, -79.3756)
(43.638447, -79.417198)
(43.656242, -79.390739)
(43.668625, -79.317276)
(43.579095, -79.618828)
(43.65899, -79.442737)
(43.595717, -79.526603)
(43.707557, -79.375629)
(43.648378, -79.397496)
(43.718315, -79.429268)
(43.713714, -79.46056)
(43.655056, -79.418564)
(43.650183, -79.389159)
(43.636805, -79.624175)
(43.58038, -79.712401)
(43.648393, -79.420717)
(43.64481, -79.393578)
(43.647492, -79.400974)
(43.666607, -79.405754)
(43.666346, -79.31657)
(43.663041, -79.384172)
(43.648383, -79.388018)
(43.655155, -79.412971)
(43.638798, -79.445915)
(43.64481, -79.393578)
(43.647502, -79.400967)
(43.642792, -79.383308)
(43.648375, -79.397721)
(43.65584, -79.384456)
(43.580998, -79.71253)
(43.754379, -79.351252)
(43.73107, -79.43378)
(43.615954, -79.575856)
(43.650175, -79.360627)
(43.648291, -79.39803)
(43.651036, -79.411696)
(43.588617, -79.739926)
(43.655558, -79.41333)
(43.644214, -79.41983)
(43.661815, -79.446591)
(43.647068, -79.405685)
(43.718553, -79.456174)
(43.650818, -79.45108)
(43.604096, -79.53613)
(43.599899, -79.508224)
(43.720001, -79.45652)
(43.706699, -79.375809)
(43.653193, -79.645581)
(43.616666, -79.543167)
(43.648638, -79.381744)
(43.645683, -79.392693)
(43.686043, -79.393471)
(43.653182, -79.374797)
(43.623804, -79.512372)
(43.651493, -79.667003)
(43.627046, -79.629814)
(43.670288, -79.39164)
(43.711341, -79.399537)
(43.66684, -79.315206)
(43.755051, -79.349113)
(43.677798, -79.350035)
(43.647915, -79.401325)
(43.648239, -79.400101)
(43.648969, -79.37478)
(43.680437, -79.430636)
(43.63637, -79.625291)
(43.655933, -79.393196)
(43.581554, -79.61755)
(43.656751, -79.364637)
(43.656066, -79.382924)
(43.655222, -79.60875)
(43.665277, -79.380895)
(43.65175, -79.405081)
(43.663488, -79.372335)
(43.710656, -79.398824)
(43.658741, -79.382476)
(43.624491, -79.484714)
(43.657331, -79.380949)
(43.582785, -79.779498)
(43.640497, -79.392676)
(43.568104, -79.665715)
(43.681934, -79.424271)
(43.693007, -79.557271)
(43.652809, -79.399071)
(43.651951, -79.406913)
(43.786688, -79.420381)
(43.65378, -79.395674)
(43.689644, -79.290792)
(43.664358, -79.384006)
(43.725489, -79.312723)
(43.681564, -79.425117)
(43.689774, -79.349327)
(43.646584, -79.513995)
(43.677052, -79.353594)
(43.64481, -79.393578)
(43.647504, -79.400896)
(43.64965, -79.366232)
(43.664523, -79.414528)
(43.658764, -79.38211)
(43.725892, -79.341478)
(43.708523, -79.398928)
(43.643497, -79.403305)
(43.681606, -79.425056)
(43.664178, -79.386612)
(43.654537, -79.407135)
(43.654686, -79.422977)
(43.662567, -79.334015)
(43.654176, -79.407167)
(43.648165, -79.37966)
(43.762443, -79.4109)
(43.727196, -79.482539)
(43.774849, -79.413269)
(43.679899, -79.417263)
(43.644986, -79.391598)
(43.647503, -79.400876)
(43.657331, -79.380949)
(43.66641, -79.316956)
(43.611588, -79.555904)
(43.571475, -79.608546)
(43.730181, -79.465503)
(43.655318, -79.412903)
(43.655312, -79.412861)
(43.531661, -79.613159)
(43.655519, -79.388445)
(43.593205, -79.642576)
(43.684701, -79.31844)
(43.661645, -79.381848)
(43.767713, -79.475911)
(43.692308, -79.440901)
(43.623227, -79.51737)
(43.662063, -79.38647)
(43.706926, -79.45291)
(43.655376, -79.384331)
(43.567125, -79.659704)
(43.590948, -79.594049)
(43.650578, -79.388954)
(43.651411, -79.397111)
(43.664855, -79.383116)
(43.592692, -79.642019)
(43.707248, -79.399603)
(43.666801, -79.385163)
(43.679935, -79.339928)
(43.735504, -79.419647)
(43.663445, -79.383965)
(43.682344, -79.423885)
(43.649754, -79.429262)
(43.701065, -79.396999)
(43.672605, -79.288478)
(43.669037, -79.305695)
(43.64795, -79.401272)
(43.689774, -79.349327)
(43.705723, -79.504196)
(43.616097, -79.616353)
(43.668688, -79.390129)
(43.623817, -79.512367)
(43.663974, -79.382226)
(43.653213, -79.395348)
(43.728975, -79.402952)
(43.654867, -79.399752)
(43.661137, -79.428627)
(43.678404, -79.349216)
(43.663471, -79.384132)
(43.64481, -79.393578)
(43.647508, -79.400876)
(43.686136, -79.376157)
(43.656933, -79.359192)
(43.655706, -79.384589)
(43.768377, -79.472015)
(43.598518, -79.54406)
(43.640752, -79.401731)
(43.649517, -79.431194)
(43.601107, -79.503592)
(43.648212, -79.389091)
(43.715713, -79.400505)
(43.652195, -79.40728)
(43.653778, -79.395674)
(43.648913, -79.484799)
(43.65168, -79.451402)
(43.525403, -79.684321)
(43.665287, -79.403603)
(43.759247, -79.410759)
(43.795701, -79.419207)
(43.666413, -79.40721)
(43.660609, -79.342965)
(43.64737, -79.403759)
(43.70799, -79.375843)
(43.680413, -79.338419)
(43.606413, -79.520773)
(43.690207, -79.474331)
(43.67116, -79.376242)
(43.658165, -79.397499)
(43.679869, -79.341323)
(43.653904, -79.371645)
(43.678201, -79.348852)
(43.706635, -79.453444)
(43.646625, -79.378897)
(43.654037, -79.369469)
(43.664448, -79.380345)
(43.754269, -79.351428)
(43.652878, -79.35607)
(43.666225, -79.40686)
(43.661667, -79.427849)
(43.657639, -79.402641)
(43.722765, -79.415411)
(43.664697, -79.368437)
(43.648514, -79.397034)
(43.648511, -79.372408)
(43.671017, -79.296059)
(43.648178, -79.389221)
(43.672406, -79.377943)
(43.649677, -79.482933)
(43.643884, -79.39183)
(43.658722, -79.394432)
(43.605653, -79.652839)
(43.644318, -79.401382)
(43.643391, -79.423363)
(43.666965, -79.403381)
(43.679359, -79.341606)
(43.664727, -79.3861)
(43.654934, -79.401894)
(43.648466, -79.655925)
(43.697284, -79.396061)
(43.662562, -79.423689)
(43.651773, -79.405102)
(43.661012, -79.37884)
(43.64755, -79.392616)
(43.670699, -79.38268)
(43.662575, -79.403625)
(43.659378, -79.389793)
(43.762509, -79.410532)
(43.650924, -79.382063)
(43.669405, -79.385839)
(43.692312, -79.440909)
(43.767666, -79.475054)
(43.666492, -79.374701)
(43.659668, -79.436836)
(43.738526, -79.434523)
(43.707024, -79.396042)
(43.662376, -79.383745)
(43.665051, -79.383072)
(43.754778, -79.350171)
(43.647488, -79.390395)
(43.654526, -79.379189)
(43.644384, -79.418406)
(43.657627, -79.402489)
(43.653835, -79.40155)
(43.7859, -79.352711)
(43.66687, -79.403519)
(43.644978, -79.414993)
(43.707497, -79.3955)
(43.647769, -79.3743)
(43.648037, -79.395821)
(43.662117, -79.366756)
(43.647728, -79.396446)
(43.664407, -79.387385)
(43.73327, -79.453623)
(43.666339, -79.406401)
(43.660988, -79.383888)
(43.780178, -79.416405)
(43.665627, -79.472076)
(43.650112, -79.374916)
(43.64006, -79.419815)
(43.62312, -79.483773)
(43.689472, -79.394805)
(43.672395, -79.469185)
(43.670543, -79.298387)
(43.642727, -79.374092)
(43.670616, -79.39016)
(43.663319, -79.330605)
(43.597281, -79.786137)
(43.759988, -79.411541)
(43.666394, -79.316932)
(43.665195, -79.384293)
(43.653438, -79.36925)
(43.665338, -79.380513)
(43.657118, -79.35719)
(43.665979, -79.407899)
(43.711581, -79.399034)
(43.646008, -79.410393)
(43.665634, -79.470268)
(43.764091, -79.399246)
(43.660905, -79.429961)
(43.651225, -79.396802)
(43.647129, -79.393153)
(43.658169, -79.372726)
(43.68988, -79.349281)
(43.598842, -79.612208)
(43.66568, -79.410538)
(43.666617, -79.405858)
(43.669144, -79.386047)
(43.665424, -79.380836)
(43.657955, -79.381371)
(43.596983, -79.523637)
(43.659679, -79.436841)
(43.792463, -79.444737)
(43.63198, -79.614717)
(43.777422, -79.414671)
(43.806237, -79.423224)
(43.640347, -79.436806)
(43.645054, -79.532784)
(43.596522, -79.596869)
(43.683678, -79.392532)
(43.652344, -79.375275)
(43.605149, -79.72868)
(43.777331, -79.414674)
(43.66621, -79.404915)
(43.648713, -79.397123)
(43.77021, -79.500447)
(43.777865, -79.343801)
(43.658637, -79.350358)
(43.676956, -79.397217)
(43.677861, -79.390141)
(43.708015, -79.389687)
(43.704941, -79.388611)
(43.664228, -79.41613)
(43.748832, -79.346859)
(43.671275, -79.294771)
(43.656826, -79.406754)
(43.622316, -79.521867)
(43.623839, -79.512384)
(43.705217, -79.375417)
(43.688681, -79.300177)
(43.636848, -79.397179)
(43.652184, -79.40492)
(43.662119, -79.366846)
(43.638679, -79.445792)
(43.696833, -79.329481)
(43.665981, -79.407746)
(43.645741, -79.410469)
(43.693034, -79.315792)
(43.655823, -79.39373)
(43.654596, -79.400564)
(43.660919, -79.382576)
(43.666892, -79.385375)
(43.662081, -79.406408)
(43.641712, -79.380257)
(43.730217, -79.418534)
(43.647673, -79.378675)
(43.656911, -79.380413)
(43.639988, -79.418835)
(43.608409, -79.650534)
(43.660483, -79.376392)
(43.682927, -79.418465)
(43.66405, -79.380386)
(43.63911, -79.398144)
(43.653808, -79.40715)
(43.664603, -79.412932)
(43.75914, -79.410536)
(43.665638, -79.387712)
(43.74783, -79.384318)
(43.687765, -79.412417)
(43.653603, -79.384006)
(43.594648, -79.53385)
(43.65668, -79.65049)
(43.644623, -79.386758)
(43.646793, -79.382233)
(43.653603, -79.384006)
(43.594845, -79.53395)
(43.75914, -79.410536)
(43.656178, -79.651009)
(43.665638, -79.387712)
(43.74783, -79.384318)
(43.644909, -79.385536)
(43.687765, -79.412417)
(43.652588, -79.384128)
(43.594722, -79.53381)
(43.75914, -79.410536)
(43.656178, -79.651009)
(43.665638, -79.387712)
(43.74783, -79.384318)
(43.644909, -79.385536)
(43.688544, -79.414694)
(43.669031, -79.337905)
(43.625835, -79.504471)
(43.665192, -79.384715)
(43.708232, -79.389663)
(43.65007, -79.39147)
(43.604369, -79.590209)
(43.760212, -79.411491)
(43.652619, -79.397519)
(43.645443, -79.41169)
(43.642429, -79.382916)
(43.64811, -79.390727)
(43.681275, -79.592572)
(43.778308, -79.414997)
(43.658802, -79.382424)
(43.703579, -79.414368)
(43.69517, -79.450186)
(43.64481, -79.393578)
(43.647507, -79.400878)
(43.655841, -79.393642)
(43.80916, -79.423512)
(43.656565, -79.380557)
(43.654318, -79.402178)
(43.679192, -79.344368)
(43.657259, -79.376093)
(43.64403, -79.633726)
(43.64481, -79.393578)
(43.757504, -79.46628)
(43.647518, -79.40087)
(43.669345, -79.335901)
(43.647923, -79.401062)
(43.734061, -79.420292)
(43.670391, -79.394722)
(43.657289, -79.376144)
(43.639242, -79.444607)
(43.768324, -79.386364)
(43.678688, -79.34687)
(43.64743, -79.386772)
(43.647618, -79.391901)
(43.655098, -79.416032)
(43.646383, -79.398008)
(43.656091, -79.357023)
(43.641043, -79.378871)
(43.682195, -79.39178)
(43.659167, -79.385162)
(43.655249, -79.386545)
(43.76006, -79.412106)
(43.552787, -79.585002)
(43.646378, -79.419838)
(43.758629, -79.466142)
(43.658723, -79.349335)
(43.708, -79.375816)
(43.6651, -79.410842)
(43.625848, -79.630721)
(43.735239, -79.420083)
(43.656816, -79.4071)
(43.726987, -79.343683)
(43.64267, -79.629217)
(43.638336, -79.380249)
(43.660233, -79.479814)
(43.645352, -79.391898)
(43.657541, -79.383873)
(43.610524, -79.583732)
(43.655079, -79.385291)
(43.663872, -79.417969)
(43.663926, -79.41739)
(43.791593, -79.417911)
(43.649465, -79.366079)
(43.662156, -79.366735)
(43.778276, -79.414922)
(43.639422, -79.443701)
(43.661705, -79.379112)
(43.656733, -79.364717)
(43.705723, -79.504196)
(43.696615, -79.446876)
(43.652697, -79.398715)
(43.665188, -79.468622)
(43.665598, -79.470858)
(43.654872, -79.401592)
(43.660731, -79.342354)
(43.668895, -79.386568)
(43.651443, -79.476059)
(43.660418, -79.378936)
(43.641449, -79.380158)
(43.664167, -79.416428)
(43.585498, -79.645666)
(43.76981, -79.41275)
(43.655769, -79.393974)
(43.648689, -79.397202)
(43.707594, -79.395874)
(43.637404, -79.624455)
(43.654305, -79.399132)
(43.653439, -79.394592)
(43.654918, -79.648572)
(43.703943, -79.374536)
(43.648133, -79.37952)
(43.623799, -79.512364)
(43.664402, -79.368225)
(43.651768, -79.404968)
(43.598058, -79.59449)
(43.736183, -79.420181)
(43.650337, -79.380783)
(43.58105, -79.713311)
(43.67102, -79.387896)
(43.663982, -79.380066)
(43.636033, -79.540755)
(43.644461, -79.634366)
(43.666412, -79.40609)
(43.655605, -79.385025)
(43.646904, -79.404678)
(43.59409, -79.534329)
(43.650986, -79.367923)
(43.700558, -79.396873)
(43.665196, -79.410206)
(43.665653, -79.368301)
(43.654526, -79.423147)
(43.600567, -79.5056)
(43.64666, -79.394127)
(43.638157, -79.417496)
(43.651175, -79.384347)
(43.671612, -79.378893)
(43.681339, -79.4263)
(43.643543, -79.376022)
(43.648842, -79.381585)
(43.645751, -79.389946)
(43.64481, -79.393578)
(43.647524, -79.40088)
(43.658005, -79.371009)
(43.641803, -79.411976)
(43.694687, -79.34285)
(43.647516, -79.400885)
(43.665024, -79.410599)
(43.760391, -79.409805)
(43.641407, -79.380302)
(43.660435, -79.378769)
(43.646363, -79.390049)
(43.672276, -79.387283)
(43.623786, -79.512371)
(43.650152, -79.384808)
(43.687795, -79.394772)
(43.680412, -79.43074)
(43.670744, -79.434748)
(43.696228, -79.328697)
(43.663982, -79.380066)
(43.610033, -79.696968)
(43.655828, -79.393431)
(43.639606, -79.421349)
(43.664554, -79.414415)
(43.695122, -79.451569)
(43.654865, -79.403328)
(43.717513, -79.429142)
(43.614471, -79.48867)
(43.638889, -79.428146)
(43.718555, -79.456329)
(43.664332, -79.414433)
(43.657641, -79.400884)
(43.646788, -79.379102)
(43.647751, -79.396179)
(43.707915, -79.398397)
(43.688678, -79.394588)
(43.688703, -79.39449)
(43.754395, -79.358244)
(43.650491, -79.415869)
(43.707829, -79.394391)
(43.647138, -79.390133)
(43.659615, -79.347407)
(43.650711, -79.451225)
(43.669042, -79.337182)
(43.658848, -79.384773)
(43.672296, -79.290191)
(43.646229, -79.390741)
(43.725727, -79.431053)
(43.639051, -79.427589)
(43.64186, -79.411226)
(43.659584, -79.435051)
(43.654358, -79.402229)
(43.631901, -79.530714)
(43.647614, -79.511818)
(43.671459, -79.324645)
(43.64651, -79.378785)
(43.654671, -79.386169)
(43.597271, -79.522446)
(43.659065, -79.347877)
(43.642792, -79.427498)
(43.644059, -79.403389)
(43.661088, -79.382769)
(43.652566, -79.43309)
(43.665838, -79.471414)
(43.657358, -79.380944)
(43.706096, -79.442365)
(43.647537, -79.386871)
(43.672372, -79.387436)
(43.644144, -79.400465)
(43.665623, -79.47348)
(43.706637, -79.375776)
(43.641491, -79.421707)
(43.604244, -79.535332)
(43.659602, -79.384858)
(43.63945, -79.421231)
(43.659081, -79.349697)
(43.641053, -79.393522)
(43.639893, -79.421959)
(43.655975, -79.39299)
(43.680365, -79.287254)
(43.696156, -79.32908)
(43.650234, -79.388954)
(43.640099, -79.438111)
(43.645901, -79.410072)
(43.644287, -79.380878)
(43.664682, -79.380738)
(43.51574, -79.6974)
(43.669162, -79.339163)
(43.708175, -79.343666)
(43.665295, -79.454097)
(43.64481, -79.393578)
(43.667187, -79.38588)
(43.770969, -79.500839)
(43.680809, -79.336715)
(43.665345, -79.466133)
(43.658642, -79.488029)
(43.671155, -79.383466)
(43.707614, -79.398325)
(43.663045, -79.421833)
(43.650936, -79.381958)
(43.542572, -79.596242)
(43.653343, -79.394759)
(43.728798, -79.403892)
(43.647655, -79.402377)
(43.64097, -79.402115)
(43.722994, -79.415294)
(43.650391, -79.398064)
(43.710358, -79.362488)
(43.704499, -79.407164)
(43.676521, -79.358116)
(43.650927, -79.37855)
(43.672265, -79.387393)
(43.647722, -79.395634)
(43.63637, -79.625291)
(43.666514, -79.374563)
(43.665411, -79.408881)
(43.658984, -79.65134)
(43.615747, -79.64053)
(43.733855, -79.345037)
(43.656681, -79.380253)
(43.647368, -79.37875)
(43.702881, -79.387985)
(43.648537, -79.371925)
(43.668255, -79.387192)
(43.613507, -79.69519)
(43.654861, -79.414771)
(43.644421, -79.399742)
(43.686423, -79.473299)
(43.66211, -79.406306)
(43.613323, -79.489243)
(43.638775, -79.41626)
(43.705369, -79.374839)
(43.708324, -79.392746)
(43.636991, -79.623929)
(43.657393, -79.380847)
(43.650063, -79.390648)
(43.666302, -79.406118)
(43.646809, -79.40361)
(43.653816, -79.4515)
(43.654427, -79.390335)
(43.773383, -79.413692)
(43.527393, -79.650634)
(43.639503, -79.446869)
(43.627298, -79.628815)
(43.649021, -79.391548)
(43.626965, -79.500534)
(43.582037, -79.715655)
(43.654842, -79.414948)
(43.683212, -79.418961)
(43.661481, -79.338635)
(43.650272, -79.388702)
(43.665401, -79.408989)
(43.657702, -79.400934)
(43.637394, -79.691626)
(43.518021, -79.622629)
(43.665049, -79.448821)
(43.689762, -79.394501)
(43.726149, -79.451841)
(43.645775, -79.389679)
(43.646233, -79.408264)
(43.609178, -79.691085)
(43.623148, -79.515378)
(43.656872, -79.380752)
(43.646439, -79.394325)
(43.597617, -79.735108)
(43.668995, -79.385956)
(43.67998, -79.341577)
(43.677354, -79.351354)
(43.612121, -79.541645)
(43.532015, -79.672377)
(43.667702, -79.385788)
(43.665573, -79.408043)
(43.647484, -79.390941)
(43.65485, -79.400642)
(43.613372, -79.489278)
(43.642891, -79.408455)
(43.640816, -79.436211)
(43.672394, -79.322693)
(43.596742, -79.785489)
(43.708871, -79.454026)
(43.76062, -79.489649)
(43.640558, -79.391348)
(43.653656, -79.39875)
(43.776211, -79.414327)
(43.688896, -79.297466)
(43.713639, -79.36561)
(43.625838, -79.565379)
(43.510583, -79.668225)
(43.803452, -79.420079)
(43.667351, -79.312805)
(43.655991, -79.383461)
(43.64168, -79.375884)
(43.657869, -79.48794)
(43.641586, -79.433529)
(43.731473, -79.404246)
(43.644162, -79.401189)
(43.644041, -79.401044)
(43.64168, -79.375884)
(43.657869, -79.48794)
(43.64186, -79.411219)
(43.660882, -79.341355)
(43.701031, -79.396803)
(43.648687, -79.397329)
(43.731498, -79.404112)
(43.674422, -79.388054)
(43.655388, -79.402573)
(43.704626, -79.361411)
(43.669042, -79.386135)
(43.704833, -79.361504)
(43.669042, -79.386135)
(43.657732, -79.402121)
(43.668255, -79.387192)
(43.657481, -79.380999)
(43.669426, -79.413177)
(43.64182, -79.727827)
(43.671832, -79.323498)
(43.656136, -79.399596)
(43.655411, -79.39875)
(43.627384, -79.629065)
(43.647804, -79.401832)
(43.704503, -79.409728)
(43.689774, -79.349327)
(43.652015, -79.404964)
(43.626192, -79.677121)
(43.650489, -79.38923)
(43.652065, -79.404747)
(43.719643, -79.457196)
(43.599187, -79.679243)
(43.64481, -79.393578)
(43.647512, -79.400857)
(43.644793, -79.396748)
(43.66559, -79.469288)
(43.682113, -79.468415)
(43.649108, -79.421968)
(43.664423, -79.380103)
(43.559026, -79.577436)
(43.643044, -79.425468)
(43.65023, -79.391014)
(43.639187, -79.415802)
(43.630059, -79.626984)
(43.651985, -79.408417)
(43.668377, -79.682728)
(43.62999, -79.627898)
(43.65015, -79.368469)
(43.666683, -79.411964)
(43.669865, -79.384812)
(43.64481, -79.393578)
(43.647501, -79.400878)
(43.531961, -79.612642)
(43.643917, -79.401627)
(43.643917, -79.401766)
(43.656764, -79.364644)
(43.678205, -79.347656)
(43.655769, -79.455632)
(43.710812, -79.399023)
(43.667547, -79.489872)
(43.650726, -79.527428)
(43.73325, -79.451559)
(43.649637, -79.483234)
(43.657188, -79.403442)
(43.589819, -79.648343)
(43.647278, -79.402435)
(43.681973, -79.471837)
(43.650017, -79.479992)
(43.656368, -79.40287)
(43.643262, -79.422078)
(43.654878, -79.400969)
(43.6842, -79.319051)
(43.67275, -79.287824)
(43.651813, -79.408942)
(43.666302, -79.406118)
(43.655109, -79.414505)
(43.66354, -79.384274)
(43.643593, -79.399635)
(43.663277, -79.402588)
(43.655778, -79.384743)
(43.77799, -79.344091)
(43.623773, -79.512386)
(43.660116, -79.362933)
(43.754755, -79.349829)
(43.671598, -79.394698)
(43.664783, -79.410934)
(43.64481, -79.393578)
(43.647507, -79.400874)
(43.641712, -79.380257)
(43.67844, -79.390152)
(43.65091, -79.439425)
(43.658248, -79.372471)
(43.654781, -79.416123)
(43.670697, -79.390324)
(43.64866, -79.381576)
(43.556453, -79.71003)
(43.767745, -79.38545)
(43.648496, -79.398113)
(43.641579, -79.430588)
(43.64481, -79.393578)
(43.647519, -79.400898)
(43.687412, -79.396727)
(43.699539,-79.431694)
(43.656751, -79.364669)
(43.64328, -79.412117)
(43.705723, -79.504196)
(43.662708, -79.422775)
(43.705723, -79.504196)
(43.689774, -79.349327)
(43.674067, -79.470479)
(43.509537, -79.631017)
(43.688671, -79.348384)
(43.710354, -79.398956)
(43.667519, -79.48691)
(43.582328, -79.618546)
(43.669609, -79.482262)
(43.661619, -79.367086)
(43.650188, -79.389053)
(43.733638, -79.419369)
(43.791051, -79.367156)
(43.799639, -79.420133)
(43.689286, -79.34891)
(43.611729, -79.558426)
(43.649204, -79.374809)
(43.671649, -79.383034)
(43.665516, -79.409237)
(43.669979, -79.389931)
(43.676499, -79.358052)
(43.735335, -79.344006)
(43.705177, -79.397812)
(43.647425, -79.396409)
(43.681437, -79.425694)
(43.646906, -79.382901)
(43.733547, -79.404137)
(43.795887, -79.421294)
(43.611523, -79.555172)
(43.707503, -79.398763)
(43.654774, -79.402206)
(43.638294, -79.380577)
(43.663176, -79.402457)
(43.6662, -79.449867)
(43.692341, -79.440869)
(43.767636, -79.475954)
(43.605487, -79.653377)
(43.773364, -79.491973)
(43.594471, -79.533607)
(43.528454, -79.674877)
(43.64481, -79.393578)
(43.647541, -79.400916)
(43.654357, -79.452104)
(43.661715, -79.426151)
(43.566935, -79.775536)
(43.657646, -79.399565)
(43.664788, -79.380737)
(43.655066, -79.418046)
(43.665321, -79.387122)
(43.644939, -79.391785)
(43.77673, -79.414169)
(43.657174, -79.378525)
(43.769606, -79.501923)
(43.807704, -79.356623)
(43.644505, -79.398811)
(43.649001, -79.420414)
(43.656796, -79.386208)
(43.651104, -79.379166)
(43.676121, -79.40126)
(43.68823, -79.392879)
(43.66082, -79.384491)
(43.663982, -79.380066)
(43.640395, -79.436577)
(43.658896, -79.391092)
(43.648521, -79.397987)
(43.683243, -79.325461)
(43.665173, -79.41037)
(43.641531, -79.577321)
(43.734382, -79.404423)
(43.659809, -79.434654)
(43.707878, -79.392029)
(43.695379, -79.451253)
(43.636154, -79.540565)
(43.668659, -79.338939)
(43.601954, -79.499249)
(43.628004, -79.489282)
(43.649047, -79.397172)
(43.669369, -79.302216)
(43.677872, -79.442734)
(43.792274, -79.41806)
(43.689545, -79.395058)
(43.754171, -79.349493)
(43.722558, -79.456158)
(43.64817, -79.383492)
(43.644569, -79.398857)
(43.653988, -79.425903)
(43.763229, -79.411079)
(43.692017, -79.531649)
(43.665775, -79.473701)
(43.662484, -79.367011)
(43.64481, -79.393578)
(43.647505, -79.400877)
(43.65445, -79.423044)
(43.78101, -79.416562)
(43.659514, -79.366164)
(43.760378, -79.411115)
(43.678837, -79.473658)
(43.652119, -79.407463)
(43.664757, -79.324295)
(43.663277, -79.330757)
(43.61204, -79.578297)
(43.64481, -79.393578)
(43.659836, -79.3793)
(43.657331, -79.380949)
(43.509466, -79.631137)
(43.757807, -79.489223)
(43.675981, -79.45069)
(43.648213, -79.399491)
(43.650352, -79.384069)
(43.647297, -79.402487)
(43.672537, -79.387843)
(43.697441, -79.4411)
(43.647491, -79.391953)
(43.643208, -79.423821)
(43.558407, -79.578154)
(43.642811, -79.380096)
(43.704561, -79.492188)
(43.656399, -79.38195)
(43.718295, -79.455731)
(43.576662, -79.653672)
(43.614358, -79.557397)
(43.806055, -79.421984)
(43.591657, -79.597315)
(43.649289, -79.425861)
(43.650812, -79.580522)
(43.687778, -79.39478)
(43.576806, -79.592894)
(43.715248, -79.399951)
(43.669504, -79.386601)
(43.681313, -79.428397)
(43.730797, -79.403694)
(43.754746, -79.349569)
(43.64481, -79.393578)
(43.647503, -79.400943)
(43.593259, -79.641285)
(43.674677, -79.388774)
(43.654755, -79.387489)
(43.661213, -79.382683)
(43.669346, -79.386832)
(43.70755, -79.398125)
(43.512846, -79.628408)
(43.686092, -79.37665)
(43.639282, -79.398628)
(43.653028, -79.396673)
(43.735378, -79.420181)
(43.668279, -79.487253)
(43.656297, -79.378621)
(43.6394, -79.398285)
(43.644903, -79.381836)
(43.648666, -79.420792)
(43.654907, -79.414818)
(43.650017, -79.389188)
(43.649067, -79.37693)
(43.677086, -79.358948)
(43.669978, -79.389934)
(43.676419, -79.358409)
(43.735179, -79.343563)
(43.7052, -79.397832)
(43.647777, -79.396311)
(43.644548, -79.40026)
(43.609494, -79.696349)
(43.647244, -79.39016)
(43.670315, -79.384651)
(43.648369, -79.397217)
(43.654324, -79.399017)
(43.663446, -79.367792)
(43.648071, -79.400284)
(43.666115, -79.407227)
(43.657635, -79.382084)
(43.657626, -79.382121)
(43.665361, -79.368266)
(43.674824, -79.430916)
(43.70711, -79.397918)
(43.647511, -79.392723)
(43.649445, -79.378344)
(43.674999, -79.457338)
(43.653767, -79.413322)
(43.728657, -79.402995)
(43.680012, -79.338739)
(43.638142, -79.622472)
(43.703644, -79.361061)
(43.670003, -79.389809)
(43.64481, -79.393578)
(43.647541, -79.401016)
(43.63909, -79.398345)
(43.64481, -79.393578)
(43.647527, -79.40097)
(43.735275, -79.419647)
(43.705548, -79.375296)
(43.680416, -79.430695)
(43.703136, -79.414913)
(43.733952, -79.419456)
(43.68214, -79.424065)
(43.66426, -79.380203)
(43.662907, -79.42267)
(43.526267, -79.65195)
(43.651108, -79.475751)
(43.653008, -79.398903)
(43.656536, -79.377792)
(43.640244, -79.380011)
(43.639742, -79.382718)
(43.795868, -79.422284)
(43.679375, -79.344711)
(43.564236, -79.635546)
(43.649612, -79.365654)
(43.64481, -79.393578)
(43.647488, -79.400843)
(43.687225, -79.396652)
(43.653639, -79.398667)
(43.703769, -79.388588)
(43.662987, -79.330498)
(43.655875, -79.455628)
(43.655784, -79.384473)
(43.518058, -79.694509)
(43.641284, -79.434547)
(43.689354, -79.297104)
(43.665009, -79.380814)
(43.665321, -79.466435)
(43.679039, -79.345623)
(43.692368, -79.440918)
(43.767637, -79.475034)
(43.704997, -79.40775)
(43.709667, -79.398381)
(43.681904, -79.329659)
(43.598163, -79.782448)
(43.558413, -79.741978)
(43.64481, -79.393578)
(43.668098, -79.388519)
(43.668072, -79.388367)
(43.648562, -79.387728)
(43.665604, -79.40973)
(43.657209, -79.373623)
(43.639526, -79.421318)
(43.585726, -79.645939)
(43.647302, -79.403698)
(43.65829, -79.399856)
(43.759344, -79.410793)
(43.645786, -79.410755)
(43.649495, -79.421695)
(43.77935, -79.415527)
(43.655712, -79.393906)
(43.79843, -79.422461)
(43.70486, -79.408218)
(43.646618, -79.407532)
(43.653804, -79.354407)
(43.596699, -79.785371)
(43.631519, -79.518242)
(43.680939, -79.427895)
(43.655801, -79.364559)
(43.707481, -79.38958)
(43.695612, -79.451356)
(43.653982, -79.369077)
(43.656391, -79.399002)
(43.700027, -79.429051)
(43.763782, -79.399271)
(43.726071, -79.286616)
(43.656333, -79.382503)
(43.656464, -79.380562)
(43.682213, -79.468948)
(43.657331, -79.380949)
(43.659859, -79.37899)
(43.682022, -79.330505)
(43.649472, -79.392022)
(43.647244, -79.403199)
(43.590756, -79.679274)
(43.651766, -79.404966)
(43.593121, -79.642352)
(43.726192, -79.45208)
(43.643287, -79.424078)
(43.64925, -79.421368)
(43.640453, -79.436625)
(43.68353, -79.323805)
(43.696021, -79.448357)
(43.60222, -79.498157)
(43.716686, -79.45485)
(43.672493, -79.378208)
(43.636756, -79.620903)
(43.615017, -79.524519)
(43.681878, -79.426218)
(43.658939, -79.349053)
(43.651943, -79.40687)
(43.677697, -79.495794)
(43.773234, -79.441982)
(43.720411, -79.429694)
(43.670843, -79.295533)
(43.67135, -79.380891)
(43.659104, -79.438309)
(43.642391, -79.383197)
(43.658703, -79.39492)
(43.785826, -79.351978)
(43.675144, -79.407004)
(43.711735, -79.376524)
(43.675722, -79.410363)
(43.651232, -79.367791)
(43.75973, -79.465633)
(43.66569, -79.36842)
(43.755873, -79.440458)
(43.804951, -79.384282)
(43.659073, -79.391341)
(43.635172, -79.562754)
(43.760407, -79.327065)
(43.773296, -79.414116)
(43.652588, -79.398445)
(43.65378, -79.354494)
(43.649974, -79.430301)
(43.648632, -79.374619)
(43.774052, -79.475998)
(43.682939, -79.418491)
(43.75589, -79.437871)
(43.634784, -79.542212)
(43.670334, -79.299583)
(43.653673, -79.426649)
(43.596233, -79.525042)
(43.664888, -79.352664)
(43.696758, -79.331551)
(43.655027, -79.41761)
(43.645999, -79.383545)
(43.6682, -79.387983)
(43.754444, -79.357819)
(43.569999, -79.567193)
(43.661907, -79.33563)
(43.597183, -79.594422)
(43.648528, -79.37246)
(43.65641, -79.378014)
(43.649671, -79.391854)
(43.647669, -79.449402)
(43.64346, -79.381118)
(43.63988, -79.38119)
(43.637283, -79.530876)
(43.64481, -79.393578)
(43.647525, -79.40088)
(43.65274, -79.403633)
(43.65044, -79.381271)
(43.64481, -79.393578)
(43.790632, -79.391929)
(43.647747, -79.508308)
(43.717169, -79.45628)
(43.654911, -79.433727)
(43.632075, -79.544145)
(43.700151, -79.428559)
(43.706988, -79.396488)
(43.609723, -79.750579)
(43.671716, -79.292992)
(43.639137, -79.386116)
(43.619915, -79.524844)
(43.659002, -79.391037)
(43.658298, -79.382067)
(43.689594, -79.394933)
(43.749716, -79.407051)
(43.752916, -79.35826)
(43.663447, -79.38426)
(43.789488, -79.418189)
(43.666007, -79.380685)
(43.656314, -79.402607)
(43.768591, -79.386405)
(43.700965, -79.396947)
(43.659835, -79.346382)
(43.642401, -79.383522)
(43.64403, -79.633724)
(43.649046, -79.505118)
(43.666222, -79.381485)
(43.651446, -79.36747)
(43.65752, -79.376022)
(43.757504, -79.46628)
(43.647091, -79.404282)
(43.762412, -79.410976)
(43.646949, -79.382941)
(43.712332, -79.364469)
(43.803074, -79.419785)
(43.592692, -79.642019)
(43.641712, -79.380257)
(43.640284, -79.437006)
(43.715862, -79.262191)
(43.70105, -79.452133)
(43.635921, -79.540764)
(43.650381, -79.388235)
(43.760737, -79.49019)
(43.760985, -79.48967)
(43.649962, -79.606382)
(43.707904, -79.453793)
(43.655256, -79.412911)
(43.656162, -79.399719)
(43.580606, -79.647835)
(43.64603, -79.409058)
(43.655836, -79.388368)
(43.643185, -79.447594)
(43.665096, -79.452667)
(43.671677, -79.420784)
(43.658568, -79.382064)
(43.736445, -79.420439)
(43.672253, -79.321236)
(43.642921, -79.406853)
(43.748254, -79.348519)
(43.665721, -79.474303)
(43.645649, -79.393448)
(43.685429, -79.313164)
(43.786045, -79.469523)
(43.642291, -79.411316)
(43.662762, -79.422646)
(43.664234, -79.368111)
(43.754227, -79.351393)
(43.701979, -79.38956)
(43.660342, -79.415079)
(43.736776, -79.438596)
(43.645336, -79.412685)
(43.664398, -79.414079)
(43.653665, -79.354742)
(43.645641, -79.393509)
(43.677634, -79.352765)
(43.667107, -79.385612)
(43.723428, -79.416278)
(43.64848, -79.387422)
(43.666035, -79.407867)
(43.677971, -79.34891)
(43.720724, -79.456698)
(43.666828, -79.315643)
(43.607426, -79.653039)
(43.644382, -79.39976)
(43.643453, -79.423433)
(43.61726, -79.542915)
(43.648403, -79.397285)
(43.732574, -79.403908)
(43.755569, -79.351913)
(43.655676, -79.402356)
(43.655978, -79.378484)
(43.654083, -79.423157)
(43.773319, -79.413574)
(43.61565, -79.558762)
(43.715832, -79.400095)
(43.662413, -79.383726)
(43.754914, -79.349439)
(43.657331, -79.380949)
(43.64962, -79.371521)
(43.639293, -79.420648)
(43.654722, -79.421342)
(43.66278, -79.402757)
(43.772812, -79.502015)
(43.654785, -79.400688)
(43.626215, -79.680154)
(43.595333, -79.529701)
(43.651724, -79.409476)
(43.645908, -79.448662)
(43.664162, -79.384834)
(43.707779, -79.296172)
(43.638397, -79.380157)
(43.700039, -79.42926)
(43.640648, -79.436874)
(43.649246, -79.420776)
(43.647392, -79.393123)
(43.61344, -79.694916)
(43.665184, -79.384262)
(43.712562, -79.391496)
(43.594895, -79.639166)
(43.669933, -79.395859)
(43.657172, -79.378524)
(43.551667, -79.716539)
(43.599158, -79.713366)
(43.647026, -79.416992)
(43.672125, -79.32322)
(43.648159, -79.390205)
(43.705796, -79.346027)
(43.652439, -79.398598)
(43.646876, -79.404118)
(43.665051, -79.367996)
(43.635329, -79.532199)
(43.650578, -79.376534)
(43.675709, -79.403854)
(43.664334, -79.416248)
(43.665604, -79.469493)
(43.65707, -79.400154)
(43.666392, -79.316957)
(43.675189, -79.343587)
(43.707789, -79.394607)
(43.671638, -79.325516)
(43.68144, -79.426173)
(43.581897, -79.617935)
(43.590514, -79.635798)
(43.606007, -79.652922)
(43.620554, -79.647349)
(43.655352, -79.418964)
(43.707069, -79.396251)
(43.657328, -79.3811)
(43.580686, -79.615264)
(43.646085, -79.409006)
(43.653908, -79.400101)
(43.640009, -79.440157)
(43.668794, -79.385986)
(43.684936, -79.317336)
(43.648659, -79.397788)
(43.645686, -79.392631)
(43.653887, -79.425872)
(43.674828, -79.388311)
(43.697785, -79.389364)
(43.655816, -79.393734)
(43.654781, -79.400711)
(43.579643, -79.646429)
(43.711418, -79.399078)
(43.650162, -79.389107)
(43.636945, -79.396389)
(43.668937, -79.382124)
(43.651247, -79.378558)
(43.589041, -79.722836)
(43.64481, -79.393578)
(43.774283, -79.501838)
(43.655142, -79.3986)
(43.661051, -79.381667)
(43.708597, -79.310302)
(43.630351, -79.485542)
(43.630356, -79.48555)
(43.658822, -79.394464)
(43.665412, -79.40879)
(43.591373, -79.63555)
(43.672737, -79.321068)
(43.649487, -79.423058)
(43.63999, -79.421469)
(43.683345, -79.392395)
(43.728577, -79.431892)
(43.61064, -79.558324)
(43.597245, -79.523139)
(43.661449, -79.384071)
(43.648178, -79.389221)
(43.752382, -79.454743)
(43.730471, -79.403413)
(43.656097, -79.402687)
(43.665685, -79.475134)
(43.662475, -79.367272)
(43.655327, -79.413429)
(43.795703, -79.419205)
(43.647367, -79.403762)
(43.657329, -79.381393)
(43.639126, -79.398125)
(43.662071, -79.40625)
(43.641575, -79.432165)
(43.649761, -79.397369)
(43.754089, -79.357986)
(43.654049, -79.402017)
(43.659159, -79.360092)
(43.666306, -79.406243)
(43.661659, -79.429489)
(43.651993, -79.406715)
(43.670597, -79.426064)
(43.644635, -79.52275)
(43.670082, -79.456238)
(43.654998, -79.414508)
(43.673578, -79.282071)
(43.661362, -79.383698)
(43.654608, -79.402058)
(43.655636, -79.393738)
(43.64513, -79.392204)
(43.608279, -79.650465)
(43.803565, -79.420949)
(43.66896, -79.337851)
(43.658933, -79.441042)
(43.657727, -79.381902)
(43.655951, -79.398941)
(43.760332, -79.411652)
(43.761941, -79.409482)
(43.647472, -79.396202)
(43.680303, -79.431335)
(43.665318, -79.470589)
(43.597302, -79.523145)
(43.643635, -79.403122)
(43.778088, -79.414803)
(43.639447, -79.385021)
(43.616893, -79.542312)
(43.660606, -79.382599)
(43.650146, -79.359395)
(43.656752, -79.364645)
(43.659772, -79.436733)
(43.654763, -79.421663)
(43.597011, -79.523694)
(43.792472, -79.444737)
(43.777422, -79.414671)
(43.648141, -79.395683)
(43.649938, -79.433061)
(43.597271, -79.522446)
(43.660486, -79.386645)
(43.581901, -79.614982)
(43.656746, -79.364784)
(43.755052, -79.442083)
(43.665724, -79.386704)
(43.682613, -79.392013)
(43.651276, -79.375694)
(43.637082, -79.693748)
(43.663048, -79.331688)
(43.662938, -79.403301)
(43.656429, -79.452934)
(43.655291, -79.386829)
(43.772866, -79.413449)
(43.653646, -79.39512)
(43.654117, -79.39809)
(43.664304, -79.414535)
(43.776211, -79.414327)
(43.667141, -79.385671)
(43.569006, -79.667017)
(43.6609, -79.382715)
(43.665329, -79.409363)
(43.672014, -79.387756)
(43.650029, -79.439521)
(43.653678, -79.395041)
(43.648346, -79.388329)
(43.647819, -79.391019)
(43.666384, -79.317014)
(43.666737, -79.404587)
(43.793694, -79.418983)
(43.635449, -79.622727)
(43.776746, -79.414602)
(43.655082, -79.386168)
(43.665398, -79.411469)
(43.644936, -79.386151)
(43.762227, -79.410815)
(43.688477, -79.394411)
(43.724784, -79.454977)
(43.650659, -79.579832)
