(43.8373907, -79.09049809999999)
(43.6928, -79.5318)
(43.6684707, -79.3867008)
(43.6497538, -79.4245662)
(43.7204314, -79.5137432)
(43.6550763, -79.45939849999999)
(43.83754889999999, -79.502416)
(43.6130836, -79.4900519)
(43.6582426, -79.3997016)
(43.5972874, -79.5230093)
(43.6572544, -79.3814688)
(43.6652661, -79.4824067)
(43.7326114, -79.43249089999999)
(43.8258775, -79.5542689)
(43.6509626, -79.38142239999999)
(43.6911579, -79.6158264)
(43.819792, -79.1152662)
(43.6455191, -79.41087619999999)
(43.6291759, -79.5173978)
(43.6659915, -79.3875477)
(43.65381929999999, -79.40149819999999)
(43.5975184, -79.5211648)
(43.659808, -79.434654)
(43.8361864, -79.08604150000001)
(43.640617, -79.437813)
(43.725885, -79.417124)
(43.715273, -79.399798)
(43.7625088, -79.4105316)
(43.665505, -79.410272)
(43.646971, -79.406536)
(43.700123, -79.637463)
(43.644016, -79.633697)
(43.793143, -79.445221)
(43.645426, -79.52244)
(43.6759, -79.35884)
(43.665418, -79.352375)
(43.576155, -79.646667)
(43.6603865, -79.3785829)
(43.654661, -79.422586)
(43.681633, -79.332278)
(43.679103, -79.344712)
(43.603948, -79.589187)
(43.66552, -79.464832)
(43.67142439999999, -79.42164640000001)
(43.7057953, -79.3460276)
(43.7368174, -79.2487043)
(43.7676542, -79.4749394)
(43.609078, -79.693258)
(43.7441839, -79.4868225)
(43.8093072, -79.2231245)
(43.761066, -79.22529)
(43.646024, -79.3896867)
(43.704555, -79.407625)
(43.726348, -79.296864)
(43.752157, -79.684276)
(43.790748, -79.626875)
(43.788886, -79.546676)
(43.862183, -79.304078)
(43.666638, -79.378028)
(43.845646, -79.557433)
(43.857842, -79.499213)
(43.78583, -79.194177)
(43.649095, -79.39597)
(43.68116539999999, -79.4728892)
(43.78079062550874, -79.29817512733626)
(43.766556, -79.302237)
(43.706767, -79.3969736)
(43.76068492794472, -79.32680415626761)
(43.659808, -79.434654)
(43.6469543, -79.4047521)
(43.8035434, -79.4195738)
(43.736532, -79.308294)
(43.665903, -79.380458)
(43.7081, -79.3429)
(43.7632339, -79.4991241)
(43.8465781, -79.46005009999999)
(43.700322, -79.429517)
(43.679352, -79.341659)
(43.7765664, -79.60321940000001)
(43.7206204, -79.6130565)
(43.65585979999999, -79.45563159999999)
(43.75119, -79.263185)
(43.641442, -79.375176)
(43.71329, -79.399423)
(43.7601, -79.4122)
(43.623952, -79.514149)
(43.8093967, -79.54726029999999)
(43.738876, -79.565611)
(43.752733, -79.26404099999999)
(43.866371, -79.311181)
(43.6894573, -79.3950643)
(43.7187157, -79.4563123)
(43.656817, -79.407156)
(43.599605, -79.641946)
(43.741728, -79.22689)
(43.7886011, -79.5482962)
(43.7269871, -79.3414943)
(43.6210713, -79.5695629)
(43.77570499999999, -79.230481)
(43.718159, -79.429156)
(43.7323734, -79.4039085)
(43.8034326, -79.335554)
(43.766284, -79.499444)
(43.7916879, -79.2518987)
(43.6490049, -79.48461630000001)
(43.672963, -79.286812)
(43.7888768, -79.54482209999999)
(43.8204248, -79.2618808)
(43.7702124, -79.5005607)
(43.5794595, -79.6175073)
(43.650098, -79.45022089999999)
(43.6673911, -79.4889117)
(43.6486948, -79.37198459999999)
(43.6183959, -79.55419750000001)
(43.8381135, -79.08906879999999)
(43.785639, -79.625208)
(43.8939962, -79.4405793)
(43.645826, -79.559892)
(43.613777, -79.661867)
(43.84605, -79.556437)
(43.592095, -79.666678)
(43.715127, -79.726767)
(43.64801, -79.449659)
(43.76987, -79.502041)
(43.768572, -79.28116279999999)
(43.7483048, -79.3485798)
(43.643094, -79.534364)
(43.6780471, -79.34870850000001)
(43.8014026, -79.19853309999999)
(43.774335, -79.442299)
(43.739593, -79.699364)
(43.855752, -79.513489)
(43.6810919, -79.2836473)
(43.6782843, -79.4424619)
(43.8009018, -79.1984117)
(43.666873, -79.330274)
(43.6657206, -79.47430279999999)
(43.6803905, -79.3112356)
(43.64528139999999, -79.4127336)
(43.7163714, -79.2609691)
(43.776427, -79.234834)
(43.810802, -79.454403)
(43.7714831, -79.18449199999999)
(43.6372532, -79.69129319999999)
(43.688971, -79.585218)
(43.796498256687116, -79.20412364211167)
(43.6132691, -79.5587279)
(43.825638, -79.538215)
(43.7206319, -79.6000253)
(43.79529489999999, -79.42823539999999)
(43.6933719, -79.46132949999999)
(43.618801, -79.499673)
(43.645741, -79.410467)
(43.718317, -79.429265)
(43.725089, -79.29803299999999)
(43.6184337, -79.539704)
(43.6576683, -79.3996063)
(43.68967929999999, -79.2906429)
(43.7199973, -79.5116884)
(43.73486380000001, -79.6044284)
(43.8366395, -79.50489429999999)
(43.7265166, -79.4803756)
(43.81801919999999, -79.1180129)
(43.78667189999999, -79.5472692)
(43.75789049999999, -79.2274204)
(43.7638262, -79.2912)
(43.6554104, -79.64832539999999)
(43.6277866, -79.62873929999999)
(43.7645787, -79.66105019999999)
(43.625224, -79.6040702)
(43.7519237, -79.5454895)
(43.6190832, -79.66885440000001)
(43.7142022, -79.45640159999999)
(43.593872, -79.5653674)
(43.7510345, -79.26553659999999)
(43.7694212, -79.184524)
(43.677971, -79.3489099)
(43.666829, -79.315642)
(43.720858, -79.456691)
(43.607426, -79.653039)
(43.554471, -79.582323)
(43.643452, -79.4234321)
(43.61703, -79.542829)
(43.792204, -79.547262)
(43.732551, -79.403931)
(43.7550068, -79.3517913)
(43.61703, -79.542829)
(43.666367, -79.316476)
(43.706799, -79.443238)
(43.638797, -79.445918)
(43.7163316, -79.2609253)
(43.65586, -79.455632)
(43.643677, -79.421596)
(43.6606886, -79.4315503)
(43.6663973, -79.3168252)
(43.6508808, -79.3695486)
(43.6561089, -79.3901691)
(43.58284, -79.614143)
(43.768674, -79.187904)
(43.6501568, -79.36062729999999)
(43.6481874, -79.39796910000001)
(43.662648, -79.3100073)
(43.655464, -79.413803)
(43.6509844, -79.411692)
(43.7783502, -79.41484700000001)
(43.72, -79.456519)
(43.75604440000001, -79.4739679)
(43.652543, -79.412428)
(43.654063, -79.646725)
(43.700538, -79.451999)
(43.834797, -79.521154)
(43.616591, -79.543088)
(43.726222, -79.287507)
(43.645683, -79.392693)
(43.7447453, -79.29595119999999)
(43.65381929999999, -79.40149819999999)
(43.826679, -79.350906)
(43.7887263, -79.5862424)
(43.785762, -79.593362)
(43.8063529, -79.4525498)
(43.73669350000001, -79.220068)
(43.8567815, -79.3039721)
(43.62435290000001, -79.5883628)
(43.851563, -79.534796)
(43.5815515, -79.6175495)
(43.654981, -79.606902)
(43.70577, -79.64587)
(43.735617, -79.347584)
(43.8622041, -79.4844718)
(43.8047787, -79.28848219999999)
(43.82809452577097, -79.53703355787502)
(43.674043, -79.470563)
(43.7838827, -79.1865988)
(43.77842, -79.415792)
(43.79535509999999, -79.3198814)
(43.7427984, -79.3084494)
(43.76041550000001, -79.4112158)
(43.6066049, -79.5850135)
(43.6244696, -79.484876)
(43.665176, -79.464258)
(43.761621, -79.22571)
(43.7462956, -79.2931406)
(43.71855700329495, -79.42986691864178)
(43.6243529, -79.5883628)
(43.7478296, -79.52341299999999)
(43.7034114, -79.643733)
(43.568246, -79.665494)
(43.681749, -79.42423)
(43.644014, -79.53358)
(43.693314, -79.557283)
(43.6538341, -79.40154840000001)
(43.6896793, -79.2906429)
(43.759224, -79.227237)
(43.685006982944195, -79.39239552375756)
(43.623095, -79.516756)
(43.798651, -79.202242)
(43.7447453, -79.29595119999999)
(43.649577, -79.365212)
(43.567673, -79.6608071)
(43.7085199, -79.3989279)
(43.6056743, -79.6527543)
(43.8067504, -79.2888581)
(43.7258674, -79.34051529999999)
(43.8594105, -79.43332099999999)
(43.7154601, -79.72169819999999)
(43.7574406, -79.31254849999999)
(43.7738289, -79.49209479999999)
(43.8189308, -79.3306248)
(43.7792036, -79.4171947)
(43.8593407, -79.30470179999999)
(43.803492, -79.4209027)
(43.812819, -79.529321)
(43.560763, -79.576108)
(43.6209004, -79.57254789999999)
(43.8092547, -79.2696046)
(43.6573431, -79.38100779999999)
(43.6561089, -79.3901691)
(43.8105234, -79.45416399999999)
(43.727189, -79.482481)
(43.820529, -79.351261)
(43.5713426, -79.6083555)
(43.6846953, -79.3184395)
(43.6923182, -79.4409185)
(43.6232196, -79.5173811)
(43.757705, -79.235766)
(43.682309, -79.42383)
(43.6553881, -79.3841673)
(43.5675344, -79.6605605)
(43.6244758, -79.5085173)
(43.787369, -79.55946899999999)
(43.7726578, -79.6604601)
(43.680315, -79.338861)
(43.754956, -79.3488879)
(43.5973133, -79.521666)
(43.641568, -79.4251733)
(43.79821473785623, -79.4697460924135)
(43.79934, -79.306647)
(43.668693, -79.305142)
(43.636737, -79.692802)
(43.655374, -79.384412)
(43.834155, -79.520937)
(43.662968, -79.332402)
(43.84870339999999, -79.37431819999999)
(43.6589114, -79.44104639999999)
(43.8004902, -79.30073089999999)
(43.625151, -79.508025)
(43.598549, -79.543809)
(43.69328289999999, -79.3427095)
(43.668948, -79.337464)
(43.750569, -79.584461)
(43.5990616, -79.6539384)
(43.775599, -79.241257)
(43.609924, -79.691822)
(43.8361, -79.0881)
(43.606549, -79.520459)
(43.690121, -79.474278)
(43.768417, -79.190306)
(43.758955, -79.409907)
(43.8238, -79.4259)
(43.7003115, -79.6362625)
(43.734873, -79.419551)
(43.647914, -79.507701)
(43.822761, -79.350643)
(43.736636, -79.2487)
(43.762295, -79.296453)
(43.707112, -79.25067)
(43.588677, -79.592559)
(43.616083, -79.617576)
(43.79719, -79.149177)
(43.775744, -79.322777)
(43.727765, -79.287551)
(43.6447463, -79.39375509999999)
(43.6475111, -79.40086629999999)
(43.7524465, -79.26229359999999)
(43.8335844, -79.55801799999999)
(43.67490799999999, -79.38854099999999)
(43.7541835, -79.4877013)
(43.704178, -79.504465)
(43.768334, -79.472219)
(43.616338, -79.488132)
(43.616749, -79.488022)
(43.645489, -79.4331055)
(43.65881030000001, -79.3846429)
(43.6923182, -79.4409185)
(43.749279, -79.311944)
(43.70899379999999, -79.534504)
(43.649727, -79.48288)
(43.7461469, -79.6914781)
(43.625224, -79.6040702)
(43.726881, -79.288453)
(43.754089, -79.357989)
(43.82006519999999, -79.1147263)
(43.670341, -79.299565)
None
(43.792445, -79.240256)
(43.622319, -79.521924)
(43.78802, -79.54997)
(43.7701, -79.5001)
(43.680443, -79.290258)
(43.679359, -79.341605)
(43.7483048, -79.3485798)
(43.697236, -79.395952)
(43.763313, -79.194133)
(43.6723788, -79.46937779999999)
(43.70027, -79.637187)
(43.6183959, -79.55419750000001)
(43.850831, -79.532017)
(43.6339107, -79.6877016)
(43.647534, -79.392375)
(43.662576, -79.403623)
(43.68876, -79.348551)
(43.6923182, -79.4409185)
(43.69354, -79.349622)
(43.661451, -79.384068)
(43.654455, -79.37921)
(43.676866, -79.449298)
(43.6443885, -79.4184468)
(43.86131229999999, -79.3875766)
(43.7863224, -79.4688943)
(43.829901, -79.541516)
(43.648068, -79.395629)
(43.7143135, -79.4555152)
(43.7332699, -79.4514346)
(43.7886011, -79.5482962)
(43.62316, -79.4837737)
(43.73167, -79.41925)
(43.645185, -79.522495)
(43.677686, -79.350309)
(43.6382366, -79.62200519999999)
(43.609042, -79.696791)
(43.665615, -79.472032)
(43.783743, -79.253186)
(43.619209, -79.55532)
(43.785187, -79.477729)
(43.84962, -79.460301)
(43.672379, -79.469378)
(43.6704961, -79.29845859999999)
(43.813541, -79.344064)
(43.70032399999999, -79.6366476)
(43.72805, -79.294143)
(43.754199, -79.351382)
(43.6868303, -79.4201015)
(43.6258955, -79.5671814)
(43.7099644, -79.53505030000001)
(43.8059679, -79.2779977)
(43.7975828, -79.28335489999999)
(43.8500688, -79.5357892)
(43.7551194, -79.2457185)
(43.7140506, -79.2705012)
(43.6900109, -79.5764556)
(43.7164463, -79.6280283)
(43.8568252, -79.3053302)
(43.7785674, -79.3070463)
(43.6793757, -79.39023209999999)
(43.7346417, -79.4201401)
(43.7596573, -79.4108615)
(43.7324933, -79.45867989999999)
(43.782247, -79.573993)
(43.7206319, -79.6000253)
(43.709282, -79.384985)
(43.764094, -79.399255)
(43.7465646, -79.40657589999999)
(43.649682, -79.429495)
(43.651204, -79.396808)
(43.895473, -79.443608)
(43.8762712, -79.260708)
(43.74909029999999, -79.31171189999999)
(43.598001, -79.518873)
(43.710621, -79.535175)
(43.596786, -79.523473)
(43.792582, -79.444806)
(43.8072167, -79.5502937)
(43.859698, -79.487922)
(43.684514, -79.346937)
(43.6449896, -79.3916949)
(43.750668, -79.542677)
(43.6468439, -79.4196398)
(43.699804, -79.297742)
(43.777294, -79.41459)
(43.770388, -79.500022)
(43.7733444, -79.2561489)
(43.6778697, -79.390132)
(43.8297903, -79.5352166)
(43.66924, -79.335992)
(43.7163316, -79.2609253)
(43.670568, -79.298766)
(43.68869, -79.30015)
(43.638673, -79.445792)
(43.641376, -79.6324023)
(43.760373, -79.411115)
(43.8219517, -79.2984027)
(43.7767257, -79.2344538)
(43.75038, -79.551871)
(43.70768, -79.476088)
(43.772216, -79.185255)
(43.84469, -79.554505)
(43.8019155, -79.4991699)
(43.7493676, -79.27724529999999)
(43.848573, -79.459956)
(43.7601, -79.7173)
(43.690719, -79.576739)
(43.726573, -79.341009)
(43.715358, -79.455335)
(43.611966, -79.581546)
(43.734887, -79.602241)
(43.6079041, -79.6500173)
(43.6711578, -79.46787189999999)
(43.749561, -79.276123)
(43.794384, -79.240118)
(43.578879, -79.653064)
(43.8001959, -79.1984322)
(43.710996, -79.309017)
(43.66647, -79.315087)
(43.734146, -79.707785)
(43.624911, -79.507553)
(43.7121856, -79.5776357)
(43.715958, -79.626561)
(43.7841385, -79.56811429999999)
(43.825708, -79.55555199999999)
(43.7724748, -79.3206211)
(43.895415, -79.443447)
(43.843725, -79.429334)
(43.6242078, -79.490048)
(43.777758, -79.344451)
(43.8823891, -79.4402891)
(43.748014, -79.384171)
(43.665656, -79.38061)
(43.599906601790124, -79.71019822284417)
(43.777878, -79.344654)
(43.594771, -79.533672)
(43.862199, -79.48455)
(43.847303, -79.535043)
(43.861, -79.4344)
(43.835557, -79.253901)
(43.7473428, -79.3846775)
(43.7779901, -79.3440914)
(43.8622328, -79.4845817)
(43.7779901, -79.3440914)
(43.66519940000001, -79.3870812)
(43.747609, -79.3840711)
(43.8622328, -79.4845817)
(43.814631, -79.293251)
(43.640247, -79.4389164)
(43.78099659999999, -79.24742959999999)
(43.62690000000001, -79.50111199999999)
(43.648961, -79.374692)
(43.653794, -79.4016197)
(43.6574044, -79.3808718)
(43.6238345, -79.5045715)
(43.7351682, -79.6059027)
(43.65527459999999, -79.4167267)
(43.681228, -79.592437)
(43.65381929999999, -79.40149819999999)
(43.773573, -79.182994)
(43.731391, -79.60012)
(43.6567455, -79.380484)
(43.771493, -79.252895)
(43.648362, -79.529459)
(43.6571375, -79.402611)
(43.678689, -79.346869)
(43.6595161, -79.38489919999999)
(43.6452332, -79.5325079)
(43.77543, -79.1789256)
(43.65585979999999, -79.45563159999999)
(43.656063, -79.357131)
(43.786581, -79.275575)
(43.647926, -79.529298)
(43.7737245, -79.34067379999999)
(43.665357, -79.468016)
(43.835112, -79.069537)
(43.787043, -79.2573803)
(43.69714099999999, -79.54396710000002)
(43.6966135, -79.5437649)
(43.680632, -79.2845385)
(43.6895632, -79.47665049999999)
(43.7415682, -79.261087)
(43.688496, -79.270134)
(43.736214, -79.307371)
(43.660196, -79.434624)
(43.760212, -79.411495)
(43.779066, -79.365107)
(43.71521779999999, -79.7225091)
(43.8551296, -79.4371599)
(43.8355842, -79.08731019999999)
(43.7749675, -79.2570302)
(43.7206319, -79.6000253)
(43.7068948, -79.5051253)
(43.660228599999996, -79.4798078)
(43.6540622, -79.40147859999999)
(43.6607361, -79.3423123)
(43.653677, -79.39502999999999)
(43.7764806, -79.4156165)
(43.575192, -79.607422)
(43.736183, -79.420184)
(43.650337, -79.380783)
(43.79224, -79.418079)
(43.657082, -79.447578)
(43.600565, -79.505599)
(43.731608, -79.418981)
(43.6626, -79.332683)
(43.65150413817162, -79.38265599101618)
(43.68121, -79.426477)
(43.672064, -79.385837)
(43.771418, -79.622205)
(43.709883, -79.653444)
(43.779429272544434, -79.58815313081932)
(43.6589114, -79.44104639999999)
(43.6449896, -79.3916949)
(43.660524, -79.378927)
(43.6514272, -79.47613369999999)
(43.770931, -79.278275)
(43.585481, -79.645663)
(43.769778, -79.412918)
(43.70761, -79.395866)
(43.76947920000001, -79.55393409999999)
(43.63101649999999, -79.6265978)
(43.61447, -79.488669)
(43.6679551, -79.3856634)
(43.625243, -79.567688)
(43.6704441, -79.3914061)
(43.5978634, -79.5946016)
(43.7078904, -79.3433563)
(43.776702, -79.234533)
(43.7698, -79.5526)
(43.6318642, -79.53063949999999)
(43.654379, -79.402228)
(43.772721, -79.321499)
(43.8114541, -79.2433088)
(43.76281809999999, -79.2091176)
(43.6538573, -79.3960762)
(43.641689, -79.447137)
(43.644059, -79.40331)
(43.8058513, -79.4209369)
(43.6385565, -79.6259097)
(43.7078904, -79.3433563)
(43.5921223, -79.6666132)
(43.5527749, -79.5840918)
(43.5994406, -79.7132567)
(43.7189717, -79.6375039)
(43.672696, -79.319486)
(43.661072, -79.382759)
(43.665621, -79.473477)
(43.604034, -79.535821)
(43.7784777, -79.4149908)
(43.80656339999999, -79.47306909999999)
(43.703539, -79.503764)
(43.6662744, -79.4853548)
(43.59914939999999, -79.6114436)
(43.7694212, -79.184524)
(43.7696453, -79.5213091)
(43.8470824, -79.5356628)
(43.734811, -79.55903)
(43.668421, -79.342507)
(43.733488, -79.266418)
(43.704176, -79.504615)
(43.709696, -79.248036)
(43.59477, -79.533824)
(43.757523, -79.238832)
(43.745336, -79.293778)
(43.591647, -79.57578)
(43.653192, -79.573118)
(43.727326, -79.265896)
(43.7186056, -79.4553612)
(43.8146311, -79.2932514)
(43.63101649999999, -79.6265978)
(43.626964, -79.500535)
(43.649054, -79.391654)
(43.8916147, -79.4412021)
(43.777501, -79.414736)
(43.777407, -79.41462)
(43.81444948150171, -79.29439484727618)
(43.6625909, -79.4035401)
(43.8142832, -79.2947133)
(43.597075, -79.523376)
(43.7211675, -79.45583429999999)
(43.6986605, -79.5127163)
(43.710641, -79.362253)
(43.7043846, -79.6441474)
(43.6390827, -79.4460771)
(43.65947190000001, -79.366416)
(43.647779, -79.395374)
(43.7541178, -79.3579634)
(43.811731, -79.454303)
(43.851878, -79.522317)
(43.792583, -79.238905)
(43.82154310831976, -79.245468181699)
(43.674492, -79.35693739999999)
(43.62737560000001, -79.6290245)
(43.701615, -79.297177)
(43.7919866, -79.54710659999999)
(43.613324, -79.489239)
(43.762482, -79.226021)
(43.6546221, -79.645579)
(43.6686687, -79.39543019999999)
(43.7416936, -79.58437280000001)
(43.732523, -79.419806)
(43.816003, -79.323101)
(43.789918, -79.446624)
(43.661831, -79.425334)
(43.651395, -79.476206)
(43.67165, -79.378245)
(43.7984738, -79.31821269999999)
(43.738404, -79.606143)
(43.7117, -79.5348)
(43.67646, -79.358532)
(43.683786, -79.320637)
(43.724615, -79.253484)
(43.713702, -79.630936)
(43.704958, -79.452285)
(43.6782, -79.44344)
(43.656936, -79.453242)
(43.633422, -79.54277)
(43.667988, -79.439137)
(43.602423, -79.498818)
(43.738999, -79.239878)
(43.751992, -79.544704)
(43.714039, -79.334223)
(43.6685, -79.3403)
(43.6298635, -79.5173391)
(43.757294, -79.514073)
(43.715757, -79.50786)
(43.8508, -79.5343)
(43.6403589, -79.4237866)
(43.699838, -79.475491)
(43.67221909999999, -79.4679154)
(43.77337199999999, -79.2818254)
(43.768338, -79.1883)
(43.717583, -79.570257)
(43.806655, -79.221909)
(43.811013, -79.243439)
(43.780903, -79.23417)
(43.641573, -79.62976)
(43.75188, -79.260795)
(43.631553, -79.575166)
(43.689804, -79.348636)
(43.757441, -79.312548)
(43.785704, -79.352014)
(43.800522, -79.143717)
(43.653098, -79.375465)
(43.638869, -79.446427)
(43.648815, -79.396742)
(43.664573, -79.319296)
(43.758032, -79.465378)
(43.7986507, -79.2022418)
(43.778091, -79.308822)
(43.615742, -79.555996)
(43.6631, -79.5926)
(43.68175, -79.426921)
(43.7093, -79.2953)
(43.796664, -79.43039)
(43.774023, -79.530911)
(43.794282, -79.32994)
(43.728724, -79.285957)
(43.8083, -79.2675)
(43.707126, -79.397653)
(43.662191, -79.383785)
(43.732875, -79.404232)
(43.761871, -79.411094)
(43.688099, -79.393179)
(43.650907, -79.378303)
(43.664419, -79.384557)
(43.754089, -79.357989)
(43.70474249999999, -79.3750635)
(43.7778404, -79.4147699)
(43.687335, -79.393969)
(43.7615867, -79.2802409)
(43.708618, -79.295683)
(43.6538341, -79.40154840000001)
(43.6538341, -79.40154840000001)
(43.8554914, -79.5014703)
(43.849181, -79.323321)
(43.516824, -79.688812)
(43.7006951, -79.7137826)
(43.7975158, -79.4268149)
(43.643543, -79.376026)
(43.82813141184436, -79.53589494101448)
(43.741694, -79.584373)
(43.8559433, -79.3040551)
(43.7447453, -79.29595119999999)
(43.84079, -79.428213)
(43.636475, -79.690546)
(43.860529, -79.312339)
(43.83558559999999, -79.253969)
(43.8279969, -79.5393636)
(43.579981, -79.648637)
(43.801134, -79.199365)
(43.656222, -79.399808)
(43.7801785, -79.41640799999999)
(43.7829008, -79.25277969999999)
(43.715389, -79.260558)
(43.708872, -79.453919)
(43.711072, -79.535156)
(43.847059, -79.45986)
(43.7603729, -79.4111154)
(43.7947139, -79.2403373)
(43.8443685, -79.5596199)
(43.73276180000001, -79.4875914)
(43.642138, -79.37579)
(43.776481, -79.415616)
(43.6486829, -79.3973288)
(43.776406, -79.415079)
(43.666114, -79.407229)
(43.74320939999999, -79.3047844)
(43.794384, -79.240118)
(43.7530903, -79.541705)
(43.7447453, -79.29595119999999)
(43.6717553, -79.3234769)
(43.767389, -79.228919)
(43.6965572, -79.6548155)
(43.668388, -79.38928)
None
(43.613659, -79.489357)
(43.811995, -79.482209)
(43.680548766488165, -79.28498975088863)
(43.719699, -79.457088)
(43.75645, -79.518984)
(43.68210979999999, -79.4684161)
(43.5762612, -79.6453293)
(43.848714, -79.360772)
(43.773359, -79.62539)
(43.6322029, -79.5438516)
(43.6493753, -79.6615253)
(43.656665, -79.399195)
(43.785195, -79.477692)
(43.66759, -79.4897317)
(43.83459209999999, -79.5207358)
(43.5898106, -79.648193)
(43.774, -79.4924)
(43.8228064, -79.11144589999999)
(43.77020419999999, -79.500486)
(43.70024, -79.637544)
(43.7332699, -79.4514346)
(43.649634, -79.483134)
(43.637253, -79.691293)
(43.688997, -79.2970378)
(43.677844, -79.349141)
(43.6382366, -79.62200519999999)
(43.6507038, -79.52738959999999)
(43.608168, -79.696817)
(43.8460563, -79.5563452)
(43.79023280000001, -79.1956623)
(43.84344, -79.408072)
(43.681616, -79.473465)
(43.8663759, -79.2835441)
(43.736278, -79.307434)
(43.747328, -79.714595)
(43.7202951, -79.59987799999999)
(43.710811, -79.398864)
(43.651809, -79.408937)
(43.655265, -79.4026203)
(43.73978, -79.434247)
(43.62340869999999, -79.5124198)
(43.6169866, -79.4879188)
(43.795872, -79.422284)
(43.638948, -79.417091)
(43.621964, -79.481971)
(43.640077, -79.538032)
(43.7886011, -79.5482962)
(43.678433, -79.390147)
(43.792457, -79.444736)
(43.73954080000001, -79.7123801)
(43.70964730000001, -79.24952189999999)
(43.822806, -79.111446)
(43.681291, -79.47323)
(43.671964, -79.419326)
(43.6467774, -79.4196403)
(43.7659173, -79.1916725)
(43.617411, -79.542319)
(43.727844, -79.403104)
(43.7447453, -79.29595119999999)
(43.625879, -79.504026)
(43.7447453, -79.29595119999999)
(43.7862417, -79.2754753)
(43.787535, -79.27057)
(43.828029, -79.097821)
(43.73661994900558, -79.30810905228445)
(43.820015, -79.114763)
(43.5524626, -79.58451889999999)
(43.7478, -79.6987)
(43.664937, -79.412973)
(43.770472, -79.412988)
(43.6068265, -79.64908539999999)
(43.665279, -79.468762)
(43.667192, -79.487333)
(43.669609, -79.482264)
(43.809255, -79.269605)
(43.8767094, -79.28582)
(43.7984738, -79.31821269999999)
(43.7779901, -79.3440914)
(43.821573, -79.111907)
(43.692318, -79.440918)
(43.80884, -79.549727)
(43.847303, -79.535043)
(43.772917, -79.321447)
(43.786536, -79.557073)
(43.7739, -79.4923)
(43.554134, -79.582549)
(43.594491, -79.533621)
(43.673859, -79.469734)
(43.773213, -79.321159)
(43.6482827, -79.3874099)
(43.807446, -79.357225)
(43.772917, -79.321447)
(43.7364942, -79.5644926)
(43.72832349999999, -79.4805143)
(43.5542891, -79.58315929999999)
(43.6606313, -79.5822484)
(43.6710251, -79.3282194)
(43.76479980000001, -79.489899)
(43.6857008, -79.5235907)
(43.8622295, -79.4863402)
(43.69704249999999, -79.44291860000001)
(43.721182400000004, -79.5112994)
(43.6934112, -79.557073)
(43.7975608, -79.4268286)
(43.8309982, -79.1228309)
(43.7573213, -79.5142746)
(43.7007604, -79.5175515)
(43.7749345, -79.32320849999999)
(43.735056900000004, -79.2576927)
(43.5776532, -79.6143273)
(43.7519237, -79.2646784)
(43.689349, -79.295577)
(43.7457854, -79.4874588)
(43.8442693, -79.55872400000001)
(43.795919443289016, -79.22609324712005)
(43.7686223, -79.1880798)
(43.7084264, -79.2679311)
(43.7589603, -79.2245739)
(43.6053157, -79.5472085)
(43.8195876, -79.1138711)
(43.5701297, -79.5663015)
(43.7049931, -79.3135027)
(43.7248499, -79.2901437)
(43.676522, -79.4940719)
(43.644668, -79.522366)
(43.649056, -79.484346)
(43.64363850000001, -79.3918724)
(43.79804089999999, -79.2728305)
(43.648632, -79.548423)
(43.665948, -79.380685)
(43.613674, -79.6461775)
(43.74213937572777, -79.58365897988581)
(43.7161407, -79.63433239999999)
(43.654623, -79.459382)
(43.601942, -79.501164)
(43.84941080000001, -79.53570210000001)
(43.806776, -79.22167639999999)
(43.7391331, -79.217635)
(43.7331625, -79.5888757)
(43.667984, -79.369812)
(43.7858479, -79.352694)
(43.643358, -79.423759)
(43.641007, -79.435324)
(43.640013, -79.381445)
(43.626632, -79.502401)
(43.8074894, -79.1760602)
(43.7559839, -79.44030819999999)
(43.630319, -79.481338)
(43.763942, -79.668764)
(43.6449896, -79.3916949)
(43.6449896, -79.3916949)
(43.657171, -79.378524)
(43.874703, -79.437643)
(43.80733, -79.423115)
(43.637996, -79.622628)
(43.747776, -79.523578)
(43.6243529, -79.5883628)
(43.772928, -79.320942)
(43.7595173, -79.2233948)
(43.7574406, -79.31254849999999)
(43.669144, -79.3391627)
(43.766469, -79.191361)
(43.7206319, -79.6000253)
(43.700471, -79.637934)
(43.741694, -79.584373)
(43.665172, -79.410371)
(43.659808, -79.434654)
(43.641313, -79.576925)
(43.5832, -79.6375)
(43.657679141587906, -79.39959606832991)
(43.688992, -79.297434)
(43.678103, -79.348214)
(43.637082, -79.71704)
(43.63795, -79.622672)
(43.722558, -79.456158)
(43.859994, -79.488959)
(43.608507, -79.583271)
(43.636156, -79.540564)
(43.695337, -79.451279)
(43.776019, -79.235187)
(43.71597570000001, -79.5547015)
(43.7203, -79.6392)
(43.841841, -79.3912)
(43.829414, -79.534042)
(43.667774, -79.487506)
(43.7221732, -79.510758)
(43.707664, -79.476065)
(43.579242, -79.614221)
(43.738302, -79.217493)
(43.797202, -79.149191)
(43.565554, -79.571485)
(43.601852, -79.499142)
(43.751327, -79.263776)
(43.795, -79.2409)
(43.776426, -79.611041)
(43.612535, -79.693859)
(43.866688, -79.283716)
(43.816199, -79.293323)
(43.790302, -79.195759)
(43.707861, -79.343364)
(43.627931, -79.489286)
(43.786347, -79.351851)
(43.740892, -79.698085)
(43.7149, -79.7262)
(43.648699, -79.397122)
(43.66942, -79.302223)
(43.8087, -79.2682)
(43.78048, -79.298813)
(43.754669, -79.442615)
(43.6723101, -79.3783909)
(43.67787, -79.442734)
(43.832712, -79.266562)
(43.793056, -79.44835)
(43.84616, -79.554619)
(43.7432, -79.3122)
(43.728964, -79.283093)
(43.798394, -79.318453)
(43.789186, -79.545811)
(43.701184, -79.518726)
(43.822291, -79.110856)
(43.8511386, -79.3565881)
(43.6894573, -79.3950643)
(43.791818, -79.418279)
(43.66788, -79.38563)
(43.754171, -79.349493)
(43.795404, -79.231432)
(43.663676, -79.588893)
(43.58125, -79.616055)
(43.7483048, -79.3485798)
(43.6657206, -79.47430279999999)
(43.760212, -79.411495)
(43.762641, -79.4114733)
(43.6538341, -79.40154840000001)
(43.78101, -79.416562)
(43.7704655, -79.6601748)
(43.7268068, -79.6663928)
(43.7319222, -79.64197779999999)
(43.736284, -79.601639)
(43.779346, -79.415869)
(43.8250037, -79.3058147)
(43.8198015, -79.33124099999999)
(43.6618962, -79.3374374)
(43.7132563, -79.63335339999999)
(43.6570982, -79.4027344)
(43.708367, -79.3928115)
(43.6103, -79.5801)
(43.587658, -79.625583)
(43.697526, -79.441127)
(43.6975235, -79.4411255)
(43.65588839999999, -79.3935888)
(43.7863224, -79.4688943)
(43.647585, -79.392032)
(43.65098029999999, -79.4506036)
(43.7702477, -79.55132449999999)
(43.8195876, -79.1138711)
(43.705825, -79.311641)
(43.691, -79.2887)
(43.764716, -79.191665)
(43.669518, -79.386616)
(43.706582, -79.399836)
(43.730798, -79.403695)
(43.754678, -79.35007399999999)
(43.731495699999996, -79.4041313)
(43.767124, -79.27064)
(43.7748042, -79.4135058)
(43.669344, -79.386834)
(43.6549488, -79.42049469999999)
(43.782015, -79.172455)
(43.788335, -79.329179)
(43.795767, -79.419455)
(43.645064, -79.520538)
(43.668206, -79.487083)
(43.8045829, -79.28779159999999)
(43.8240337, -79.2488147)
(43.79823090000001, -79.4253822)
(43.670314, -79.384653)
(43.728909, -79.41815)
(43.765917, -79.191672)
(43.666114, -79.407229)
(43.681999, -79.330737)
(43.7779901, -79.3440914)
(43.841267, -79.39899)
(43.735112, -79.419783)
(43.7260106, -79.2862866)
(43.65381929999999, -79.40149819999999)
(43.7027273, -79.47610999999999)
(43.692891, -79.440937)
(43.651102, -79.475822)
(43.783757, -79.168373)
(43.656557, -79.377973)
(43.743401, -79.21960539999999)
(43.7974918, -79.4195582)
(43.662985, -79.330499)
(43.65586, -79.455632)
(43.821267, -79.246389)
(43.83429220000001, -79.5571391)
(43.5965459, -79.59677529999999)
(43.7916879, -79.2518987)
(43.840852, -79.426609)
(43.6923182, -79.4409185)
(43.5705501, -79.5658535)
(43.717948, -79.429643)
(43.552463, -79.584519)
(43.65089529999999, -79.4394679)
(43.69212759999999, -79.44023260000002)
(43.7580713, -79.4031651)
(43.8495012, -79.4682468)
(43.7863463, -79.41929209999999)
(43.62435290000001, -79.5883628)
(43.6982822, -79.39581419999999)
(43.6571375, -79.402611)
(43.67349079999999, -79.46438979999999)
(43.747776, -79.523578)
(43.7799466, -79.4789133)
(43.7322953, -79.27414069999999)
(43.71333629999999, -79.40002980000001)
(43.649215, -79.528609)
(43.6538031, -79.3544055)
(43.651666, -79.3669237)
(43.6517188, -79.47456489999999)
(43.636134, -79.540042)
(43.552249, -79.584655)
(43.6469194, -79.5143066)
(43.62435290000001, -79.5883628)
(43.7478296, -79.52341299999999)
(43.6588332, -79.39422189999999)
(43.8372, -79.0869)
(43.726011, -79.286287)
(43.682091, -79.469014)
(43.703173, -79.644244)
(43.6962973, -79.5333844)
(43.6351585, -79.5633732)
(43.6246672, -79.5081987)
(43.7587279, -79.4662036)
(43.7556877, -79.4404832)
(43.683315, -79.41851299999999)
(43.7940577, -79.4455122)
(43.669736, -79.3020569)
(43.6686152, -79.3973877)
(43.671082, -79.3807561)
(43.6513959, -79.4759902)
(43.69871699999999, -79.4631539)
(43.7083846, -79.24932179999999)
(43.653471, -79.426428)
(43.6959694, -79.3292713)
(43.6368099, -79.6206856)
(43.8621091, -79.4851676)
(43.73497190000001, -79.6014093)
(43.844144, -79.5351627)
(43.7976114, -79.14917489999999)
(43.6765357, -79.3583712)
(43.6653722, -79.4718702)
(43.6600056, -79.5138839)
(43.70405900000001, -79.4118242)
(43.7007335, -79.4274949)
(43.6274856, -79.62921109999999)
(43.653908, -79.600009)
(43.7681648, -79.27167450000002)
(43.7662545, -79.476233)
(43.688971, -79.413097)
(43.7837632, -79.2532828)
(43.752476, -79.276371)
(43.6808819, -79.284944)
(43.6483429, -79.507674)
(43.659761044657714, -79.328309729604)
(43.6823798, -79.327249)
(43.7699913, -79.1846198)
(43.7059333, -79.38943069999999)
(43.6788798, -79.3463577)
(43.6279387, -79.48939279999999)
(43.6684754, -79.30783989999999)
(43.660676, -79.34237399999999)
(43.64062209999999, -79.538196)
(43.773241, -79.32180079999999)
(43.7283497, -79.2956656)
(43.5941953, -79.53355959999999)
(43.698458, -79.39636899999999)
(43.724878, -79.40249)
(43.7684301, -79.4131274)
(43.6779833, -79.3903548)
(43.6699317, -79.4832512)
(43.6788668, -79.439605)
(43.657404, -79.380872)
(43.855345, -79.511876)
(43.7428082, -79.60362099999999)
(43.6676656, -79.3888465)
(43.6781022, -79.4410322)
(43.6040512, -79.5907629)
(43.80109709999999, -79.20030059999999)
(43.6590985, -79.4382687)
(43.638628, -79.426609)
(43.7838214, -79.1874902)
(43.6423869, -79.3831453)
(43.7416954, -79.5845236)
(43.697796, -79.5026661)
(43.771487, -79.25297859999999)
(43.6959869, -79.4482663)
(43.756251, -79.518353)
(43.759812, -79.465559)
(43.7110712, -79.6850984)
(43.6708392, -79.29549829999999)
(43.6549808, -79.60690249999999)
(43.751195, -79.542868)
(43.7644819, -79.39592999999999)
(43.7096623, -79.24816899999999)
(43.7351682, -79.6059027)
(43.688114, -79.300331)
(43.7125245, -79.5348334)
(43.679418, -79.54467)
(43.6500972, -79.3892079)
(43.6022042, -79.49819629999999)
(43.7840645, -79.2045619)
(43.634838, -79.562715)
(43.7384162, -79.2368328)
(43.74828429999999, -79.3850513)
(43.689679, -79.290643)
(43.7253526, -79.23066589999999)
(43.806776, -79.22167639999999)
(43.7090378, -79.295739)
(43.7165888, -79.45488879999999)
(43.5981732, -79.5183662)
(43.5831178, -79.63839109999999)
(43.7301616, -79.4032263)
(43.646254, -79.3835998)
(43.744286, -79.4868723)
(43.6557667, -79.3647247)
(43.846155, -79.554571)
(43.7594484, -79.2241368)
(43.8253403, -79.557277)
(43.7588819, -79.19835499999999)
(43.7718141, -79.1850674)
(43.7072508, -79.2695536)
(43.7684641, -79.414017)
(43.614999, -79.52467)
(43.7979919, -79.1494742)
(43.657923, -79.652924)
(43.691402, -79.57663)
(43.5695571, -79.5669729)
(43.8192132, -79.1126199)
(43.7161407, -79.63433239999999)
(43.7143068, -79.3358105)
(43.788043, -79.547602)
(43.842286, -79.305039)
(43.8012221, -79.4987816)
(43.8072167, -79.5502937)
(43.796665, -79.533077)
(43.677732, -79.495708)
(43.8465781, -79.46005009999999)
(43.68707209999999, -79.5978943)
(43.843378, -79.534262)
(43.649642, -79.484008)
(43.65469, -79.459237)
(43.644934, -79.522037)
(43.683525, -79.323804)
(43.779188, -79.416943)
(43.73184, -79.46272)
(43.795872, -79.422284)
(43.769943, -79.501727)
(43.79424890000001, -79.4201468)
(43.8053, -79.2888)
(43.652587, -79.398445)
(43.8286745, -79.537128)
(43.649711, -79.430286)
(43.885906, -79.441777)
(43.781816, -79.490433)
(43.75622, -79.518034)
(43.7927, -79.2394)
(43.670334, -79.29958)
(43.88579110000001, -79.4390063)
(43.596225, -79.525056)
(43.7137328, -79.365112)
(43.80526, -79.2903154)
(43.693918, -79.275855)
(43.546859, -79.592271)
(43.647773, -79.508321)
(43.716832, -79.456779)
(43.610945, -79.582937)
(43.632035, -79.543838)
(43.740317, -79.232077)
(43.67176, -79.292952)
(43.773233, -79.623981)
(43.78484, -79.565133)
(43.671087, -79.467716)
(43.726964, -79.480363)
(43.768417, -79.190306)
(43.820454, -79.114404)
(43.800392, -79.198423)
(43.713078, -79.307872)
(43.62, -79.525)
(43.712182, -79.577575)
(43.825077, -79.554929)
(43.7785, -79.257)
(43.853252, -79.433624)
(43.8943, -79.4417)
(43.748016, -79.406929)
(43.771247, -79.413138)
(43.785358, -79.544406)
(43.7010322, -79.39675079999999)
(43.6597872, -79.3466657)
(43.7691552, -79.385939)
(43.6275155, -79.4984432)
(43.6966135, -79.5437649)
(43.743057, -79.602924)
(43.8450724, -79.5348372)
(43.80262759999999, -79.42009259999999)
(43.85656780000001, -79.30416579999999)
(43.5779732, -79.6214787)
(43.716227, -79.262365)
(43.8483676608412, -79.34878769900246)
(43.70555879999999, -79.375283)
(43.701049, -79.452131)
(43.635922, -79.540767)
(43.6656883, -79.6859041)
(43.7759943, -79.3183136)
(43.8532742, -79.33806249999999)
(43.733714, -79.34477)
(43.713539, -79.6773109)
(43.770404, -79.412946)
(43.782669, -79.49162)
(43.7202592, -79.60036149999999)
(43.6314496, -79.5556508)
(43.638274, -79.62198)
(43.610957, -79.579044)
(43.7863804, -79.4727994)
(43.8488869, -79.4607158)
(43.673828, -79.4698172)
(43.6558353, -79.3881303)
(43.7483048, -79.3485798)
(43.816938, -79.119202)
(43.774043, -79.2412)
(43.665721, -79.474303)
(43.664234, -79.368115)
(43.68547, -79.313134)
(43.6422885, -79.4113172)
(43.6422885, -79.4113172)
(43.557695, -79.578517)
(43.789408, -79.139758)
(43.655252, -79.456726)
(43.80458489999999, -79.28937669999999)
(43.775599, -79.241257)
(43.7283038, -79.41821809999999)
(43.70482, -79.374995)
(43.704026, -79.411919)
(43.687301, -79.393909)
(43.713947, -79.400046)
(43.6656609, -79.4682693)
(43.732347, -79.403787)
(43.655667, -79.402251)
(43.69441399999999, -79.3426502)
(43.7315841, -79.46373059999999)
(43.62637720000001, -79.6801507)
(43.6517534, -79.4095043)
(43.604339, -79.590242)
(43.763002, -79.411408)
(43.75620259999999, -79.36000949999999)
(43.67574399999999, -79.4036733)
(43.700038, -79.429257)
(43.6428874, -79.40844059999999)
(43.7194782, -79.63720339999999)
(43.7447453, -79.29595119999999)
(43.6897725, -79.34932789999999)
(43.7068858, -79.50517549999999)
(43.649591, -79.420385)
(43.8284198, -79.5345136)
(43.6493896, -79.4262962)
(43.678205, -79.347656)
(43.79638, -79.419685)
(43.786802, -79.258573)
(43.6923293, -79.4408591)
(43.7985402, -79.5009692)
(43.771599, -79.186959)
(43.7379317, -79.70076499999999)
(43.5904973, -79.63578)
(43.702618, -79.504369)
(43.806776, -79.22167639999999)
(43.6573638, -79.3808445)
(43.6599648, -79.361148)
(43.6623077, -79.42508959999999)
(43.8535967, -79.3367409)
(43.64931259999999, -79.37097969999999)
(43.7699881, -79.4128243)
(43.6456752, -79.39260469999999)
(43.7009663, -79.4514737)
(43.789527, -79.139881)
(43.774219, -79.612167)
(43.695809, -79.48786799999999)
(43.759017, -79.198123)
(43.689865, -79.475508)
(43.6589906, -79.4880967)
(43.630344, -79.4855475)
(43.591174, -79.635634)
(43.683175, -79.392227)
(43.72855089999999, -79.4316092)
(43.693053, -79.26258)
(43.7638974, -79.4111753)
(43.7204084, -79.431159)
(43.7483048, -79.3485798)
(43.6657206, -79.47430279999999)
(43.655325, -79.41343)
(43.7603764, -79.3011763)
(43.86341519999999, -79.4868193)
(43.65586, -79.455632)
(43.6657206, -79.47430279999999)
(43.705393, -79.375286)
(43.727194, -79.229916)
(43.754089, -79.357989)
(43.722414, -79.302297)
(43.722369, -79.235339)
(43.708528, -79.295665)
(43.846514, -79.552319)
(43.6548983, -79.4164765)
(43.625989, -79.503537)
(43.6475111, -79.40086629999999)
(43.6449896, -79.3916949)
(43.711365, -79.53138)
(43.7447453, -79.29595119999999)
(43.6589114, -79.44104639999999)
(43.6599304, -79.47963850000001)
(43.7798, -79.47)
(43.885112, -79.466609)
(43.5524626, -79.58451889999999)
(43.652691, -79.375413)
(43.773, -79.2803)
(43.816916, -79.119207)
(43.61744, -79.538413)
(43.861034, -79.435874)
(43.721098, -79.236436)
(43.835557, -79.253901)
(43.643636, -79.403119)
(43.8089, -79.2679)
(43.7043408, -79.3749357)
(43.756252, -79.439322)
(43.81250000000001, -79.111006)
(43.792457, -79.444736)
(43.64992710000001, -79.4330602)
(43.83787, -79.132488)
(43.731495699999996, -79.4041313)
(43.5674494, -79.6610139)
(43.788915, -79.626746)
(43.5769783, -79.6524542)
(43.8040245, -79.2877476)
(43.569027215382896, -79.66689202631078)
(43.8253516, -79.3074355)
(43.7883024, -79.2699019)
(43.793618, -79.419412)
(43.7067, -79.268856)
(43.585817, -79.646726)
(43.856374, -79.303738)
(43.6381594, -79.6219291)
(43.7251083, -79.45280869999999)
(43.7469271, -79.5559756)
(43.72411280000001, -79.5089423)
(43.644184, -79.400842)
(43.75826730000001, -79.2243486)
(43.6310385, -79.6264899)
(43.6622875, -79.35844999999999)
(43.8228064, -79.11144589999999)
(43.84397610000001, -79.3878015)
(43.7748786, -79.4132928)
